-49.599998 -36.200001 17.000000
1.100000 -50.900002 15.000000
33.099998 5.500000 13.000000
36.500000 -10.500000 14.000000
44.500000 -18.299999 12.000000
43.099998 46.200001 17.000000
46.799999 23.799999 14.000000
25.500000 -16.299999 12.000000
19.900000 36.099998 12.000000
44.099998 3.700000 19.000000
18.400000 -20.900000 17.000000
-8.200000 29.100000 13.000000
-8.700000 -61.900002 15.000000
-23.600000 -3.100000 13.000000
57.900002 -18.500000 17.000000
-18.299999 2.300000 14.000000
-13.300000 -6.700000 14.000000
-36.000000 30.900000 13.000000
-40.000000 -23.100000 12.000000
-16.299999 -0.200000 16.000000
-34.200001 -61.900002 16.000000
6.800000 10.600000 17.000000
10.900000 -62.000000 13.000000
63.099998 48.900002 14.000000
51.099998 -17.600000 15.000000
-17.799999 63.900002 17.000000
-50.599998 -61.400002 16.000000
17.799999 -4.300000 13.000000
-37.799999 62.599998 18.000000
30.400000 43.700001 14.000000
-52.799999 -60.000000 15.000000
-53.799999 -56.799999 17.000000
49.599998 22.400000 14.000000
36.700001 -12.200000 19.000000
34.200001 -15.000000 14.000000
5.400000 -48.599998 11.000000
37.599998 2.900000 19.000000
-45.799999 27.299999 16.000000
-31.799999 -11.200000 11.000000
39.500000 -62.799999 18.000000
22.200001 34.599998 18.000000
61.000000 -17.400000 17.000000
19.400000 23.700001 16.000000
-61.500000 15.800000 12.000000
59.400002 22.200001 15.000000
-29.500000 -32.599998 17.000000
-29.900000 -62.299999 15.000000
-56.500000 31.500000 11.000000
-60.299999 -9.400000 13.000000
-23.600000 -3.800000 13.000000
-21.799999 -26.200001 16.000000
46.900002 30.400000 15.000000
45.599998 -7.300000 13.000000
-47.500000 -4.600000 18.000000
-42.299999 60.299999 17.000000
48.500000 -45.400002 18.000000
10.100000 -61.099998 12.000000
20.400000 -56.900002 17.000000
-3.500000 49.099998 15.000000
4.500000 42.799999 11.000000
-36.400002 -17.400000 19.000000
19.900000 -16.200001 17.000000
4.100000 53.500000 16.000000
-19.299999 9.200000 12.000000
